1 0.411376 0.308408 0.029101 0.023065
1 0.470238 0.286706 0.028439 0.017857
1 0.376323 0.285838 0.023810 0.026538
1 0.824405 0.302827 0.032407 0.031746
1 0.391700 0.189236 0.024140 0.023810
1 0.438657 0.184028 0.031415 0.022321
1 0.450562 0.347594 0.021495 0.018601
1 0.392526 0.369420 0.033069 0.018601
1 0.408565 0.036954 0.017526 0.020337
1 0.419643 0.039559 0.013889 0.017113
1 0.886243 0.299727 0.056217 0.047371
1 0.444940 0.076265 0.015542 0.016617
1 0.443948 0.051587 0.020172 0.016865
1 0.524636 0.315848 0.016865 0.017113
1 0.546296 0.309400 0.019841 0.020089
